"Response" "SNP.1" "SNP.2" "SNP.3" "SNP.4" "SNP.5" "SNP.6" "SNP.7" "SNP.8" "SNP.9" "SNP.10" "SNP.11" "SNP.12" "SNP.13" "SNP.14" "SNP.15" "SNP.16" "SNP.17" "SNP.18" "SNP.19" "SNP.20" "SNP.21" "SNP.22" "SNP.23" "SNP.24" "SNP.25"
0 1 1 0 1 1 1 2 1 2 1 1 0 1 1 2 0 1 2 2 0 0 1 1 1 1
0 1 0 0 0 1 0 0 0 0 1 2 0 0 0 1 0 1 0 1 1 0 1 1 0 2
0 0 1 0 2 1 0 1 0 1 0 2 2 0 1 2 1 0 0 2 2 0 0 0 1 1
0 0 0 2 0 0 0 0 1 2 1 1 1 0 0 2 1 1 1 1 1 0 0 0 0 0
0 1 0 2 2 2 0 1 0 1 1 1 0 1 0 1 0 1 0 0 1 0 2 0 1 1
0 1 1 0 2 1 0 1 0 1 2 0 1 1 0 1 0 0 1 2 0 0 0 1 0 0
0 1 0 2 1 1 1 0 1 0 2 2 0 1 0 1 1 0 0 1 2 0 1 0 2 2
1 0 1 0 1 1 2 0 0 1 0 2 0 0 1 1 0 0 1 1 0 0 1 0 1 0
1 2 1 0 1 1 1 0 0 2 2 0 0 0 0 0 1 0 0 0 1 1 1 2 0 0
0 0 2 1 1 2 1 0 0 0 0 1 0 1 1 1 0 0 1 1 2 1 1 1 0 2
0 0 2 0 0 1 2 1 0 1 1 0 1 1 0 1 0 0 0 0 0 1 1 1 1 1
0 1 0 0 1 0 0 0 0 0 1 2 1 1 0 0 0 1 0 2 1 1 0 2 0 1
1 1 1 0 2 1 1 1 1 0 0 2 2 0 0 1 1 1 1 2 1 1 1 1 0 0
0 1 0 0 2 1 2 2 0 1 0 1 0 0 0 1 0 0 0 0 1 1 1 0 0 1
0 1 0 0 1 1 1 1 1 0 2 1 0 0 1 1 0 0 0 0 1 0 2 1 1 1
0 0 0 2 2 1 0 1 1 1 2 1 0 2 0 1 1 2 0 0 0 1 1 1 1 2
0 2 1 0 0 1 1 2 0 1 2 1 0 2 0 0 2 1 1 1 1 2 0 1 2 2
0 1 0 2 0 1 1 1 1 0 1 2 1 0 1 0 0 0 0 1 2 2 2 1 2 0
1 1 1 0 1 1 1 1 0 1 1 1 0 1 0 0 1 0 1 1 1 0 0 0 1 2
0 0 1 0 1 1 1 1 2 1 0 2 1 1 0 0 2 1 1 1 0 2 1 1 2 1
0 1 1 1 0 1 2 1 0 2 0 0 0 1 1 1 1 1 1 0 0 0 0 0 1 1
0 0 0 1 0 0 1 1 1 1 0 2 0 1 1 2 0 0 0 2 2 0 0 0 1 1
0 0 0 1 1 1 1 0 0 1 1 1 2 0 1 1 0 0 0 2 1 1 1 2 1 1
0 0 2 1 2 1 1 0 0 1 1 0 0 0 0 0 0 0 1 0 2 0 1 1 2 2
1 0 2 0 1 1 1 1 1 1 1 0 1 0 2 0 2 1 1 1 2 0 1 1 1 1
0 1 1 1 0 1 0 1 0 2 0 1 0 0 0 1 2 1 0 1 0 1 0 0 0 2
0 1 1 1 0 1 0 1 0 0 0 1 0 0 0 1 1 0 1 2 2 0 2 1 1 0
0 1 0 1 0 1 0 2 0 1 0 1 0 0 1 1 0 1 1 1 0 1 0 1 0 0
0 0 0 1 0 1 2 1 0 1 1 0 1 0 1 0 0 1 0 0 2 0 0 2 1 0
0 0 0 0 1 1 1 1 0 2 1 1 2 1 0 1 1 0 0 1 2 1 2 2 2 1
0 0 1 1 0 0 0 1 1 0 1 0 1 0 1 1 0 0 1 0 1 1 1 1 2 0
0 0 1 1 1 1 0 0 1 1 2 1 0 0 0 0 2 2 0 1 1 1 0 2 2 0
0 1 0 0 1 0 0 0 0 2 1 1 1 0 1 2 1 1 0 1 0 0 1 1 1 2
0 1 2 1 2 1 1 0 1 2 2 1 0 1 0 1 1 2 1 1 1 1 0 1 1 0
1 0 0 0 1 1 0 1 0 1 1 2 0 1 0 0 1 1 1 0 0 0 0 1 1 0
0 0 2 1 1 0 1 1 1 2 1 0 1 0 1 1 0 1 1 0 2 1 0 0 1 1
0 1 1 0 1 0 1 0 1 1 0 0 0 0 0 2 1 1 0 1 1 0 1 0 2 0
0 1 0 1 0 1 1 0 0 0 1 1 0 1 0 0 0 1 0 2 0 0 1 0 2 1
0 0 1 1 0 1 2 2 0 0 1 1 0 0 0 2 0 1 1 2 1 2 1 1 1 2
0 1 1 0 0 0 0 0 0 1 1 1 0 1 1 0 1 0 0 1 1 0 0 0 1 1
0 1 1 0 2 2 2 1 2 0 1 2 1 0 1 1 1 0 0 1 0 1 1 1 1 2
0 1 2 2 2 1 2 1 1 1 1 1 0 0 0 0 0 0 0 0 2 0 1 1 0 1
0 0 1 2 1 1 0 0 0 2 1 1 0 1 0 2 0 1 1 2 2 1 2 0 1 1
0 0 1 0 2 1 1 1 1 0 0 0 1 0 1 1 0 0 1 2 1 1 2 1 0 1
0 2 1 1 2 1 0 1 0 1 1 2 0 2 1 2 0 2 0 2 1 1 2 0 2 0
0 1 1 1 1 0 0 2 1 0 1 0 0 1 0 2 1 0 1 0 2 0 0 1 0 0
0 1 1 0 1 1 0 2 1 1 0 1 1 1 0 0 0 1 1 0 2 1 1 1 0 2
1 0 0 0 1 1 0 1 1 0 0 2 1 0 1 1 1 1 1 0 1 0 1 0 0 2
0 1 0 0 0 1 1 2 1 0 0 1 0 0 1 0 0 0 1 0 2 0 0 1 0 1
0 1 2 1 1 2 1 1 1 1 1 1 1 1 2 1 1 0 1 1 2 0 1 1 1 1
0 1 1 0 0 1 1 2 0 0 1 0 1 2 1 0 1 1 0 1 0 0 0 0 1 1
0 1 0 0 0 1 2 1 0 0 2 2 1 0 0 1 1 1 1 0 1 0 0 1 1 1
0 2 1 1 2 1 0 1 2 2 0 0 1 1 1 1 2 0 1 1 1 1 2 1 1 2
0 1 0 1 1 0 2 1 1 0 0 0 1 0 0 1 0 0 0 0 2 0 1 0 0 1
0 0 1 0 1 0 2 0 2 1 2 1 2 2 0 0 0 0 1 2 1 0 1 2 2 2
0 0 1 1 1 2 0 0 0 0 0 0 1 1 2 1 0 0 1 1 2 0 1 2 1 1
0 2 1 0 1 2 1 1 0 1 1 1 1 0 0 0 2 1 0 1 1 0 1 0 1 1
0 2 1 0 0 1 2 0 1 1 2 0 1 0 2 1 0 1 1 1 1 2 2 1 1 0
0 1 2 1 2 1 1 1 1 1 2 1 1 1 0 1 0 0 1 0 2 1 2 2 2 0
0 0 1 1 1 1 1 1 0 1 1 1 0 1 1 0 1 0 1 0 1 1 0 2 2 1
0 1 1 0 1 0 1 1 2 1 2 0 1 1 1 1 1 1 0 1 0 0 2 0 1 1
0 0 1 1 1 1 1 2 1 0 1 1 1 1 1 1 2 2 1 1 2 1 1 2 2 1
1 0 1 0 2 2 1 0 1 1 1 1 0 1 0 2 1 0 0 1 1 0 2 2 1 1
0 1 2 1 0 1 1 0 1 1 2 2 0 0 0 2 1 1 1 1 1 0 2 0 2 1
0 0 1 0 1 1 0 0 0 0 1 2 0 2 0 0 0 1 0 0 0 1 1 1 0 2
0 0 1 0 1 1 2 1 1 0 1 1 1 0 0 0 1 1 0 0 1 1 1 2 1 1
0 2 2 2 0 1 0 1 0 1 2 2 2 0 0 0 1 0 2 2 2 0 1 1 1 0
0 1 1 1 1 0 1 0 1 0 1 0 0 0 1 1 1 1 0 0 1 2 0 1 0 0
0 0 0 0 1 1 2 0 0 2 1 1 1 0 1 1 1 0 1 2 0 0 1 1 0 1
1 1 1 0 1 2 0 1 0 1 2 1 1 0 0 1 1 0 0 1 1 0 0 0 1 1
0 2 1 1 1 0 1 1 1 2 1 0 1 1 1 2 1 0 0 1 0 1 0 1 1 2
0 1 2 1 1 0 0 2 0 1 1 0 0 0 0 1 0 0 1 1 2 1 1 0 0 0
0 1 0 2 0 1 1 1 1 1 1 0 0 0 1 1 2 1 1 1 2 0 0 0 1 1
0 0 0 1 2 1 2 2 0 1 1 2 0 1 0 1 2 1 0 1 0 0 1 1 1 0
0 1 0 1 2 0 0 0 0 0 2 2 0 2 0 0 2 0 1 0 1 1 0 0 1 1
0 2 1 2 1 1 0 0 0 0 1 2 0 2 2 1 1 0 0 1 1 0 1 2 1 0
0 1 1 1 1 0 0 0 0 0 1 1 1 0 1 1 1 0 0 1 1 0 0 1 1 2
0 0 1 0 1 1 1 0 0 1 1 0 1 2 2 1 2 2 0 0 1 1 0 0 1 1
0 0 0 1 2 1 0 1 0 2 2 1 0 1 1 0 1 1 0 2 0 1 0 0 1 0
0 1 2 1 1 0 2 0 0 0 1 2 1 0 1 1 1 0 1 0 0 0 1 0 0 0
0 2 0 0 1 0 0 2 0 1 0 2 2 0 1 0 0 2 1 2 2 0 0 1 0 1
1 0 0 1 1 0 0 2 2 1 1 2 1 1 0 1 2 0 0 1 1 0 1 0 1 1
0 2 1 1 1 1 0 1 0 2 2 0 1 0 1 1 1 0 0 1 0 1 0 2 2 1
0 0 0 0 1 1 1 1 1 1 0 2 0 0 1 2 1 1 2 1 2 0 2 1 1 1
0 1 1 1 1 1 1 0 0 1 0 2 2 1 2 0 0 1 1 2 1 0 0 1 0 0
0 2 1 0 1 0 2 0 1 0 1 1 1 1 0 2 2 1 1 0 1 1 1 1 1 1
0 1 0 2 1 1 1 1 1 1 1 0 1 1 1 1 2 0 1 1 1 0 1 1 1 0
0 0 2 1 0 2 0 0 1 0 1 0 1 1 0 1 2 0 2 2 2 1 0 2 0 1
0 1 0 0 2 0 2 0 1 1 0 2 2 1 1 0 0 0 2 1 0 1 0 2 1 1
0 1 2 0 1 0 1 1 0 0 1 1 0 2 1 1 2 1 0 1 0 1 1 1 1 1
0 1 1 0 0 0 1 1 0 1 0 2 2 1 0 0 1 0 1 0 2 0 0 1 2 0
0 0 1 1 2 1 2 1 0 1 2 1 1 1 1 1 1 0 0 0 1 0 1 1 1 2
0 0 1 0 0 1 0 1 0 0 1 1 0 2 2 0 1 0 1 1 2 1 1 2 0 1
0 1 0 1 1 0 1 1 1 1 1 2 1 1 0 0 2 0 1 0 2 1 1 2 0 2
0 0 0 2 2 0 1 0 1 2 2 1 1 1 0 0 0 0 1 2 1 1 1 0 1 2
0 0 1 2 0 0 1 1 0 1 1 2 0 0 1 0 1 0 1 1 1 2 0 0 1 1
0 2 1 0 1 1 1 1 1 0 0 1 1 0 1 1 1 1 0 0 1 1 1 1 0 2
0 1 0 1 2 1 0 2 1 1 1 2 1 2 0 0 1 0 0 2 2 0 1 0 1 0
0 1 1 0 2 0 0 2 2 0 1 1 1 0 1 0 1 2 2 2 1 2 0 1 1 1
1 0 0 2 0 1 2 1 0 1 0 1 1 1 0 2 1 0 0 1 2 1 2 2 0 1
0 2 0 2 0 2 0 2 0 0 2 1 0 0 2 0 1 0 0 1 2 0 0 0 0 0
0 0 0 1 0 0 1 1 0 2 1 1 0 0 0 0 1 0 1 1 0 2 0 1 0 1
0 0 2 0 0 0 2 2 0 2 1 0 0 0 1 0 1 1 0 0 1 1 2 1 1 1
0 1 0 0 1 0 0 1 0 2 0 1 0 1 1 0 1 0 1 0 2 1 1 2 0 2
0 0 1 0 2 2 1 0 2 1 1 0 1 0 0 1 0 1 1 1 0 0 0 2 1 1
0 0 2 1 1 0 0 0 0 2 2 2 1 1 0 2 0 1 1 2 2 0 0 0 1 2
0 0 0 0 1 2 0 0 0 1 1 0 0 1 1 2 0 0 0 1 0 1 2 0 1 1
0 0 0 0 0 1 0 1 1 0 1 0 2 0 1 1 0 1 1 0 1 0 2 1 1 2
0 2 0 1 1 1 1 1 0 1 2 0 0 1 1 0 0 1 0 1 0 0 1 0 1 1
0 2 1 1 2 0 0 0 0 1 2 0 0 1 0 0 1 0 0 1 0 0 0 2 1 2
0 0 1 0 0 0 1 0 1 2 0 0 2 1 1 1 1 0 0 2 0 0 1 1 2 0
0 1 1 1 1 1 0 2 1 1 0 2 0 1 0 0 2 1 0 1 2 1 1 0 0 0
0 1 0 1 1 2 1 1 1 1 0 1 1 1 0 1 2 2 2 1 1 0 2 1 0 0
1 1 1 1 1 2 1 0 0 2 1 0 1 1 1 0 0 1 0 2 1 1 0 2 0 2
1 2 0 1 1 0 0 2 0 1 1 1 0 2 0 1 1 2 0 1 2 0 1 1 1 0
0 0 1 1 0 1 2 0 0 0 0 1 0 2 0 0 0 1 1 0 1 1 2 1 0 1
0 0 1 0 0 1 0 1 1 2 1 1 0 1 1 0 0 2 0 0 1 1 2 1 2 2
0 0 0 1 0 2 1 2 0 2 1 1 2 0 0 0 2 1 0 0 1 1 2 1 1 1
0 1 0 0 0 2 0 2 0 0 1 2 2 1 0 0 1 0 1 2 2 0 2 2 1 2
0 0 0 1 1 1 0 0 0 1 1 2 0 0 1 1 0 1 2 1 1 1 2 0 0 1
0 1 1 1 1 0 0 1 0 1 1 2 0 0 0 1 1 2 0 1 1 1 0 0 0 1
0 0 0 1 1 1 1 0 0 1 1 2 1 2 0 0 2 0 0 0 2 0 1 1 2 1
1 1 1 0 0 1 1 0 1 2 0 0 1 0 1 1 1 0 0 1 1 0 0 0 1 0
0 0 1 1 1 0 2 1 2 0 1 0 0 1 2 0 0 0 1 1 2 2 1 1 0 0
1 0 0 0 2 1 1 0 1 1 1 0 1 0 0 1 2 1 1 2 1 0 1 1 2 0
0 1 2 1 0 1 1 1 0 0 1 1 1 0 0 0 1 0 0 0 1 0 1 2 0 0
0 0 1 1 1 0 0 0 1 1 0 1 1 1 1 0 0 1 0 0 2 1 1 0 2 0
0 0 0 0 0 0 0 1 1 1 0 1 1 1 1 1 2 0 1 0 0 1 1 0 1 0
0 2 1 0 1 2 2 1 2 2 0 0 2 0 0 0 2 0 1 0 1 0 0 0 0 2
0 0 0 0 2 0 1 1 2 0 0 1 0 1 0 0 1 0 1 0 1 1 0 1 0 2
0 1 0 0 1 1 1 1 1 0 1 0 0 1 1 0 1 0 0 0 1 1 1 2 1 1
0 2 0 1 2 0 1 0 0 1 1 0 0 0 0 1 2 0 1 1 1 1 1 1 1 2
0 0 1 1 0 1 1 1 0 1 1 1 0 0 0 0 1 0 0 2 2 1 1 0 1 2
1 1 0 1 2 1 1 1 0 1 2 0 0 0 1 0 2 0 2 1 1 0 0 2 1 1
0 1 1 1 0 1 1 1 1 1 1 2 1 2 0 1 0 0 0 1 1 1 1 2 2 0
0 1 0 1 1 0 2 0 0 0 2 2 1 2 0 1 1 0 0 0 0 1 1 2 0 0
0 1 0 1 2 2 0 2 1 0 0 1 1 1 1 0 0 1 0 0 0 1 0 2 0 1
0 1 1 2 1 0 0 0 1 0 1 0 1 1 2 0 1 0 0 1 1 0 1 0 2 1
0 0 1 0 1 1 1 1 0 1 2 0 1 2 0 0 0 1 1 0 1 0 1 1 1 1
1 0 1 0 0 1 0 0 0 2 1 1 0 0 0 1 0 1 0 0 1 1 1 1 0 2
0 0 1 1 1 1 1 0 0 1 1 2 0 0 0 0 0 0 1 2 0 0 1 1 1 2
0 1 0 0 1 1 1 0 0 2 2 1 0 1 0 1 0 2 2 0 2 0 1 1 2 2
1 1 1 0 1 1 1 0 0 2 1 0 0 0 1 1 2 1 1 0 0 0 2 2 0 1
1 0 2 0 1 0 1 2 0 1 1 1 1 0 1 0 0 0 0 2 1 1 1 1 2 0
1 1 1 0 1 1 0 0 0 1 1 1 0 0 0 0 1 1 2 1 1 0 2 1 0 0
1 1 0 1 0 2 0 1 1 2 0 1 1 1 2 0 1 0 2 0 0 1 1 0 2 1
1 0 1 0 2 0 0 1 0 1 1 2 0 0 0 0 2 1 0 2 1 0 0 1 1 0
1 0 1 1 2 2 0 0 0 2 0 1 1 0 2 0 1 0 0 0 2 1 0 2 1 1
1 2 1 0 2 0 1 1 1 0 2 1 0 0 0 0 0 0 0 0 1 0 2 1 1 2
1 1 1 0 2 2 1 0 0 2 2 0 2 1 0 0 2 1 1 1 2 1 1 1 0 1
1 0 0 2 1 0 0 1 0 1 2 1 0 2 0 1 1 1 0 0 1 1 1 0 0 1
1 2 0 1 2 2 0 1 0 1 1 1 1 0 1 0 1 1 1 1 0 1 2 0 1 1
1 0 1 1 2 0 0 0 1 0 1 0 1 0 1 1 0 1 0 1 1 1 0 2 2 1
1 1 2 1 1 1 1 0 0 1 1 2 0 0 0 0 0 1 0 1 0 1 1 1 2 2
1 0 1 1 0 0 0 2 1 2 1 1 0 0 0 0 1 2 0 1 1 1 2 1 2 1
1 0 0 1 2 2 1 1 0 1 1 2 1 1 1 1 2 0 0 2 1 0 0 1 0 0
1 1 0 1 1 0 0 1 1 1 2 0 0 0 0 0 1 0 0 1 0 0 1 0 0 0
1 0 0 1 1 1 1 1 0 1 2 2 0 0 0 0 1 0 0 2 0 2 1 1 2 1
1 0 1 1 1 0 1 0 0 2 1 1 1 1 1 1 0 1 0 1 0 0 1 0 1 1
1 0 1 1 2 0 1 1 1 1 0 0 1 1 0 2 2 0 0 1 1 0 1 1 0 0
1 0 2 0 1 0 1 0 0 2 0 2 1 1 1 0 0 1 0 1 1 0 1 2 2 1
1 0 1 1 1 0 0 0 0 1 1 2 2 1 0 1 0 0 1 1 1 1 1 0 1 2
1 1 1 1 1 0 0 0 0 1 1 1 1 1 0 0 1 2 0 1 1 0 1 0 0 0
1 0 2 1 1 1 0 1 0 2 0 2 1 0 0 1 1 2 1 0 1 0 0 1 0 1
1 0 0 1 2 1 0 0 1 2 1 1 1 0 0 0 1 0 0 1 2 1 1 1 1 1
1 0 0 1 1 1 1 1 0 1 1 1 2 0 0 1 1 2 0 0 2 1 0 1 1 1
1 0 0 0 2 1 1 0 1 1 1 1 0 1 2 1 1 0 2 1 1 0 2 2 2 1
1 1 2 2 1 1 0 1 1 1 2 1 2 1 0 0 0 0 1 1 2 0 1 1 2 1
1 1 0 1 2 0 0 0 2 1 0 1 1 0 1 0 1 1 0 1 1 0 0 0 0 2
1 1 0 0 1 0 0 1 0 2 2 1 0 1 1 0 0 0 0 0 2 1 2 1 0 2
1 2 0 0 1 0 1 1 2 1 2 1 1 1 1 1 1 0 0 1 0 0 1 0 1 1
1 1 1 0 1 1 1 1 1 1 0 0 1 2 1 1 2 0 1 1 1 0 2 2 2 1
1 0 1 0 0 1 2 0 1 0 2 1 0 0 0 0 1 2 2 2 2 0 0 2 1 1
1 0 0 0 0 1 0 0 0 0 1 1 0 0 0 1 0 2 1 1 0 0 1 2 0 1
1 1 1 1 1 2 0 2 2 2 2 0 1 1 0 1 1 1 0 1 1 2 0 0 1 0
1 0 1 0 1 1 0 1 2 1 0 1 1 1 1 1 2 1 0 1 2 1 0 1 2 0
1 1 1 1 0 0 1 2 0 1 2 1 1 1 1 1 0 0 1 2 0 0 1 0 2 1
1 1 0 1 1 1 0 2 0 2 2 0 0 1 0 1 2 1 2 0 2 1 0 1 0 1
1 0 1 0 1 0 2 1 1 1 1 2 2 1 1 1 1 1 0 0 2 1 1 0 0 1
1 2 1 1 1 0 1 0 0 2 1 1 1 0 1 0 0 0 0 0 2 2 1 0 0 1
1 1 1 1 1 1 0 2 1 1 0 2 0 1 1 1 1 2 0 1 0 2 0 0 0 1
1 1 1 1 1 2 1 0 1 2 1 0 2 1 0 1 1 0 1 0 2 0 1 1 1 1
1 1 2 1 1 2 0 1 1 2 2 2 1 1 0 0 0 1 1 2 1 0 1 1 2 1
1 0 0 0 1 0 2 1 1 1 0 2 0 1 1 0 2 0 1 1 1 0 2 0 1 0
1 0 1 0 0 1 2 0 1 0 1 0 1 2 1 0 0 1 0 1 1 1 1 1 1 2
1 2 0 0 2 0 0 1 0 1 0 0 1 1 0 0 0 1 0 1 1 0 0 1 2 0
1 1 1 1 1 2 1 0 0 1 1 1 1 1 0 1 0 0 0 1 0 1 0 1 2 2
1 1 2 1 1 0 1 0 0 2 2 1 1 0 1 1 1 0 0 2 2 1 1 2 1 0
1 0 0 1 1 1 1 1 1 1 1 2 1 1 0 1 0 1 0 0 1 0 2 0 1 1
1 0 0 1 1 1 0 1 1 1 0 2 1 1 0 1 0 0 0 1 0 0 0 2 1 0
1 0 1 0 2 1 1 0 0 0 0 1 1 1 1 1 0 1 1 1 1 1 1 2 2 1
1 1 1 1 0 2 1 1 1 2 1 1 1 0 1 1 2 1 1 1 1 0 0 1 0 1
1 1 0 0 1 1 2 1 1 2 1 2 1 1 1 0 0 0 0 0 0 0 0 1 1 1
1 0 1 1 2 1 2 1 2 1 0 1 0 0 0 0 0 0 0 1 1 0 1 0 0 0
1 0 0 1 1 0 1 0 0 1 1 1 1 0 0 1 0 0 1 2 0 0 1 1 0 0
1 0 1 0 2 0 0 0 1 2 1 2 0 1 0 1 0 2 1 1 0 0 2 0 1 2
1 1 0 0 1 1 0 1 1 2 1 2 0 1 1 0 1 1 0 1 1 1 1 0 0 1
1 0 0 0 1 0 1 1 0 0 2 1 0 0 1 0 1 1 0 0 2 0 1 1 0 0
1 0 0 1 1 0 1 1 0 1 0 0 0 0 0 0 1 1 1 2 2 0 1 1 0 2
1 1 0 1 2 1 1 1 1 0 0 1 0 0 1 1 1 1 0 0 1 2 1 1 2 1
1 0 0 0 1 0 0 2 0 1 1 1 0 1 0 1 1 0 1 2 1 1 1 0 0 2
1 0 0 1 1 2 1 2 0 1 2 2 1 2 0 0 0 0 1 1 1 0 1 0 1 1
1 0 1 0 2 1 1 1 0 1 0 0 0 0 1 1 0 0 0 1 0 0 0 2 0 1
1 1 0 1 1 0 0 0 0 1 1 1 0 2 1 0 0 0 0 2 0 0 1 1 2 1
1 1 0 0 1 0 0 0 0 2 2 2 1 0 1 0 1 0 1 0 1 0 1 2 0 1
1 1 0 1 1 0 0 0 1 0 0 1 0 1 2 0 1 0 0 1 1 0 2 0 2 2
1 0 0 0 1 1 1 2 1 2 0 0 0 1 0 0 1 1 1 0 1 1 1 2 2 1
1 1 1 1 1 0 0 0 0 1 1 2 0 0 0 1 1 0 1 1 1 0 0 0 1 0
1 1 2 1 2 1 2 0 0 2 0 1 0 0 0 2 1 1 1 1 0 2 1 2 1 0
1 0 1 0 0 1 0 0 1 2 2 2 1 0 0 0 0 1 0 1 2 1 1 0 2 0
1 1 0 1 2 2 1 1 1 2 1 0 1 1 0 1 1 1 0 2 1 1 1 1 1 2
1 1 0 1 2 1 1 1 0 1 1 2 0 2 0 0 1 0 1 0 2 1 1 1 0 2
1 1 0 2 1 1 1 2 0 0 1 1 0 1 2 1 1 0 0 2 1 1 1 2 1 1
1 0 0 1 1 1 2 1 1 1 1 2 0 1 0 1 1 0 1 0 2 1 1 0 0 1
1 0 0 1 1 1 0 2 0 1 2 2 0 1 1 0 0 0 1 1 1 0 1 0 1 0
1 0 0 1 2 1 0 1 1 1 1 1 0 2 0 1 1 1 0 0 1 0 2 1 1 0
1 1 0 0 1 1 0 1 1 1 0 2 1 1 0 2 1 1 0 2 1 0 1 1 2 2
1 2 1 1 1 1 2 1 0 1 1 1 1 1 0 0 0 0 0 2 1 1 1 2 0 1
1 1 1 0 1 0 1 1 2 1 1 0 0 1 0 0 0 0 0 1 2 1 0 1 1 1
1 0 2 1 1 0 2 0 0 2 0 2 0 0 0 2 1 0 0 0 1 0 2 0 2 1
1 1 0 2 1 2 0 1 0 1 1 1 0 0 0 0 0 1 0 1 1 1 0 0 1 1
1 1 0 1 2 2 1 0 0 1 2 1 0 1 0 0 1 1 0 1 2 2 0 0 1 1
1 0 0 1 1 0 0 1 0 1 2 0 0 1 1 1 2 0 2 0 0 0 0 1 1 2
1 0 1 0 2 1 2 2 1 2 2 1 1 1 2 1 1 1 1 0 1 0 2 0 0 0
1 0 2 0 1 1 0 1 0 1 1 0 0 1 0 1 1 0 0 1 0 1 1 1 1 1
1 1 1 0 2 0 1 1 1 1 1 1 1 2 1 1 1 1 1 0 1 1 0 1 1 2
1 0 0 0 1 2 1 1 0 1 1 0 0 0 0 0 2 1 0 1 1 0 1 1 0 2
1 1 1 0 2 1 1 1 1 1 2 1 0 1 0 1 0 0 0 0 1 1 0 0 1 0
1 0 0 1 2 1 2 0 1 2 2 1 0 0 1 1 0 0 0 1 2 0 2 1 1 0
1 1 1 0 1 2 1 1 0 1 0 2 0 0 0 1 1 1 0 0 1 0 1 2 0 0
1 0 0 2 1 1 1 1 1 0 1 1 1 0 1 1 0 2 1 1 1 0 2 1 1 1
1 1 1 1 2 1 0 0 0 2 1 1 2 0 0 0 1 1 0 1 1 0 1 1 1 0
1 0 0 0 1 1 1 2 1 2 2 2 0 1 0 1 1 2 2 1 1 1 1 1 0 0
1 0 1 1 2 1 1 0 1 1 0 2 2 1 1 2 0 1 0 1 0 0 0 0 0 1
1 0 0 0 1 0 0 0 1 1 1 1 1 1 1 0 2 0 1 0 0 0 2 1 0 1
1 0 0 1 1 1 0 0 0 1 1 0 2 1 1 2 1 1 0 1 1 0 0 0 0 2
1 1 0 2 1 0 1 1 1 1 0 2 0 0 0 0 1 1 1 0 0 1 1 1 2 2
1 2 1 1 1 2 0 1 0 1 0 0 0 2 0 0 1 1 0 0 0 0 1 0 1 2
1 1 0 1 1 1 0 2 0 2 1 1 0 1 0 1 2 0 1 1 0 0 2 1 1 2
1 2 0 1 1 2 1 1 0 2 2 2 1 0 0 0 2 1 0 1 1 1 1 0 1 0
1 0 0 0 0 1 0 0 0 2 1 1 0 1 0 0 1 0 0 2 1 0 1 0 2 1
1 0 2 1 1 0 0 0 0 2 0 1 1 0 1 1 0 1 0 1 2 1 1 0 1 2
1 1 1 2 2 0 1 2 0 1 1 1 1 0 0 1 0 2 0 2 2 1 1 2 0 0
1 1 1 0 2 2 1 0 0 1 0 1 0 0 0 0 0 1 0 2 0 1 1 2 0 2
1 0 1 0 1 1 0 1 0 1 1 0 0 0 1 0 0 0 0 0 0 1 0 1 1 0
1 0 0 1 2 1 1 2 0 2 1 1 1 0 2 1 0 0 0 2 2 0 0 0 0 0
1 1 1 1 2 0 1 0 0 1 2 1 0 0 0 1 1 0 0 0 1 1 1 0 2 1
1 0 1 1 2 1 1 0 0 1 1 0 0 1 0 1 1 1 0 1 0 0 1 0 0 2
1 1 0 1 2 0 2 0 1 0 1 0 1 0 0 1 0 1 0 1 2 2 0 2 2 1
1 1 0 0 0 0 1 1 1 1 0 1 0 0 1 0 1 0 1 0 1 1 1 1 0 2
