"Response" "SNP.1" "SNP.2" "SNP.3" "SNP.4" "SNP.5" "SNP.6" "SNP.7" "SNP.8" "SNP.9" "SNP.10" "SNP.11" "SNP.12" "SNP.13" "SNP.14" "SNP.15" "SNP.16" "SNP.17" "SNP.18" "SNP.19" "SNP.20" "SNP.21" "SNP.22" "SNP.23" "SNP.24" "SNP.25" "SNP.26" "SNP.27" "SNP.28" "SNP.29" "SNP.30" "SNP.31" "SNP.32" "SNP.33" "SNP.34" "SNP.35" "SNP.36" "SNP.37" "SNP.38" "SNP.39" "SNP.40" "SNP.41" "SNP.42" "SNP.43" "SNP.44" "SNP.45" "SNP.46" "SNP.47" "SNP.48" "SNP.49" "SNP.50"
0 1 0 1 0 0 1 1 0 0 1 1 0 1 1 0 1 1 0 1 0 1 0 0 1 2 1 0 2 2 0 0 1 2 1 1 0 1 1 0 1 1 0 0 2 0 0 0 1 1 0
0 1 1 0 0 0 1 1 0 1 0 0 0 1 0 1 0 0 1 0 2 0 1 0 1 2 2 0 1 1 1 1 0 0 0 2 0 0 0 2 2 1 1 0 1 0 1 1 1 0 0
0 0 1 1 1 1 0 0 1 0 1 2 1 1 1 0 1 0 1 0 1 1 1 2 2 0 1 0 1 1 1 0 1 0 0 0 0 1 0 1 1 0 1 0 0 1 0 0 0 0 0
0 1 0 0 2 0 0 1 0 1 0 0 1 1 0 0 0 1 0 1 1 1 0 0 1 1 1 1 2 1 0 0 1 1 0 0 1 0 1 1 2 1 1 0 2 1 0 0 1 2 0
0 1 1 2 1 1 0 1 0 2 0 2 0 1 2 2 2 1 1 0 1 1 0 2 0 1 1 1 0 2 0 1 1 1 0 1 0 0 2 0 0 0 1 0 1 0 0 2 0 1 0
1 1 2 0 1 1 1 0 1 0 1 1 0 0 1 2 1 0 0 0 2 0 2 1 0 1 1 1 1 0 0 1 1 2 0 1 1 0 1 0 2 0 1 1 2 1 1 2 0 1 1
0 1 0 1 0 0 0 1 0 1 0 1 1 2 1 0 1 0 1 0 0 0 2 0 0 1 1 0 1 1 0 1 1 1 0 0 1 0 2 0 1 1 2 1 1 1 2 0 0 0 1
0 0 0 1 2 1 1 0 1 1 1 1 1 0 1 2 0 0 2 1 2 2 2 1 1 0 0 0 2 1 0 0 2 2 0 0 1 0 1 1 0 0 1 0 1 1 1 1 2 0 0
0 1 2 1 2 1 1 0 1 2 2 1 0 1 0 1 1 2 1 1 1 1 0 1 1 0 1 1 0 1 0 0 1 0 1 1 1 0 1 1 0 0 2 1 1 0 0 0 1 0 1
0 0 0 1 1 1 0 1 1 0 1 2 0 1 0 1 0 0 1 1 1 0 0 0 1 1 2 0 0 1 1 1 1 1 2 2 0 1 1 0 0 0 2 0 1 1 2 1 2 1 1
0 2 1 0 1 2 2 2 1 1 2 1 1 0 1 0 1 0 0 0 0 0 0 2 0 1 1 0 1 1 1 1 0 2 1 1 0 0 0 1 0 1 0 1 1 0 1 2 1 2 1
0 1 0 1 1 0 0 2 1 1 0 0 1 2 1 1 0 0 1 1 2 0 2 0 2 1 0 0 1 0 0 1 0 1 1 0 1 0 2 1 0 0 1 1 0 0 0 2 1 0 1
1 0 1 1 2 0 0 1 1 0 2 2 0 1 1 1 1 1 1 1 2 1 1 0 1 1 2 0 1 1 1 1 0 0 2 0 1 1 1 1 1 2 0 1 1 2 1 0 1 2 1
0 1 1 1 1 1 2 0 0 2 0 1 0 1 1 1 1 1 0 0 2 0 2 0 0 0 0 0 1 1 1 0 0 2 1 0 0 1 0 0 1 0 2 1 1 2 2 0 0 0 0
0 1 0 1 1 0 0 0 1 1 0 2 2 1 0 1 2 0 1 2 0 1 0 2 1 0 1 1 1 1 2 1 1 1 0 1 1 2 1 1 0 2 0 2 1 0 1 1 1 1 1
0 1 1 0 2 0 2 0 0 1 1 1 0 0 1 0 2 0 2 2 1 0 1 1 1 1 2 1 1 1 2 0 2 1 2 1 0 1 0 2 1 0 2 0 0 1 0 1 0 2 0
0 0 1 1 1 0 1 2 0 0 0 1 1 1 0 0 1 0 1 2 1 1 1 1 1 0 0 0 1 1 1 0 0 1 1 2 1 0 0 1 0 2 2 0 1 0 1 1 1 2 1
0 1 1 0 1 1 2 0 0 1 1 1 0 1 0 1 1 1 0 1 1 0 1 1 2 0 1 0 0 1 2 0 1 1 0 0 0 0 1 1 2 2 2 1 1 0 1 1 1 1 0
0 1 0 2 0 1 1 2 1 1 1 0 0 1 1 1 1 1 0 0 1 1 2 2 0 1 2 0 1 0 1 1 2 0 1 0 0 0 2 1 0 2 0 0 1 0 1 0 0 1 0
0 1 0 1 1 1 1 0 0 1 1 1 0 0 1 1 2 1 1 1 1 0 0 1 1 0 0 1 0 2 2 2 1 2 1 0 1 0 1 1 0 1 0 2 2 0 0 1 1 0 1
1 1 2 1 2 1 0 0 1 1 2 2 1 1 0 1 0 0 0 1 0 0 0 1 0 0 2 2 1 2 1 1 0 2 2 0 1 1 1 1 1 0 1 1 1 2 1 2 0 2 0
0 0 0 1 0 2 1 2 0 1 0 1 1 2 1 0 0 1 0 0 1 0 1 1 1 0 1 1 1 0 1 1 2 1 1 2 2 0 1 1 0 2 1 0 1 1 2 1 1 0 2
0 1 0 1 0 1 2 2 0 1 1 1 0 1 2 0 0 1 1 2 1 0 0 0 1 2 0 0 1 1 0 0 1 0 2 1 1 1 1 1 1 0 1 1 1 1 1 0 1 1 0
1 0 0 1 0 0 1 1 0 1 2 2 0 1 0 1 1 2 1 1 2 0 1 1 1 1 1 0 1 0 1 0 1 2 2 1 0 0 2 1 1 0 1 1 1 1 1 1 1 1 1
1 0 1 1 0 1 0 1 1 2 0 2 0 2 0 1 0 0 0 2 2 0 1 1 1 1 1 1 0 2 1 0 2 1 1 1 1 2 0 0 1 1 1 2 2 0 1 0 1 0 1
0 2 0 2 0 2 0 2 0 0 2 1 0 0 2 0 1 0 0 1 2 0 0 0 0 0 0 2 1 0 0 1 0 1 2 0 1 0 0 1 0 1 0 1 1 0 1 1 0 1 0
0 1 0 1 2 0 1 2 0 2 1 1 0 1 0 0 1 1 0 2 0 1 0 0 1 1 0 1 1 2 0 2 1 0 0 0 0 0 2 2 1 0 2 0 1 1 2 2 0 0 0
0 1 2 1 1 2 0 1 0 2 1 1 0 1 0 0 1 1 0 0 1 0 1 0 0 1 0 1 1 2 1 1 1 1 1 0 0 0 1 1 0 0 1 0 0 0 0 1 0 0 0
0 0 0 1 1 1 1 1 0 0 2 1 2 0 1 1 1 1 0 1 1 2 2 2 0 1 1 1 0 0 1 1 1 1 1 1 2 0 1 1 0 0 1 1 2 0 0 1 0 2 0
0 2 0 0 1 1 0 1 0 1 1 1 0 0 1 1 1 1 0 1 2 0 0 2 0 1 1 1 2 1 2 2 0 2 0 0 1 1 1 2 0 1 0 1 2 0 0 1 1 0 0
0 1 1 0 2 0 1 1 0 1 1 1 1 1 0 0 1 1 0 1 0 0 0 1 2 1 1 0 1 1 0 0 1 1 0 1 0 0 1 1 1 0 0 1 2 1 2 0 0 2 0
0 0 2 1 1 1 0 0 0 1 2 0 0 0 0 1 1 0 1 1 0 1 2 0 1 2 1 1 2 1 0 0 1 2 0 0 0 0 2 2 0 2 1 0 1 0 1 0 0 1 0
1 1 0 0 2 1 1 0 0 2 0 1 1 2 1 1 1 2 2 1 1 0 1 1 0 0 1 0 1 1 1 0 0 0 0 1 1 1 1 1 0 1 0 0 1 2 0 1 1 2 0
0 0 2 0 1 2 0 1 0 1 2 1 1 0 1 0 1 1 0 1 2 0 1 1 0 1 1 0 1 1 0 2 2 1 0 0 1 1 2 1 0 1 1 0 1 1 2 1 0 0 0
0 1 0 0 2 0 0 0 1 1 1 2 0 0 1 0 1 0 0 2 1 1 2 1 0 2 2 0 1 0 1 1 1 1 0 1 1 1 1 1 0 0 1 1 2 0 0 0 1 1 0
0 0 0 1 1 0 1 0 0 0 1 1 1 0 0 0 1 2 0 1 1 1 2 0 2 1 1 1 0 1 1 0 0 1 2 0 0 1 1 1 1 1 1 1 1 0 0 1 1 0 0
0 2 1 0 0 1 0 2 1 0 1 0 1 1 0 0 2 0 0 1 2 0 1 1 0 2 0 2 1 2 1 2 1 1 1 0 1 0 1 1 1 0 1 0 0 1 1 0 0 1 1
0 1 1 0 1 0 1 1 1 0 2 2 0 1 1 1 0 0 1 1 1 1 1 1 0 2 0 1 1 2 1 1 0 1 2 1 0 0 1 1 1 2 0 0 1 0 1 1 0 1 0
0 1 1 1 1 0 1 2 0 1 0 1 0 2 0 0 1 0 1 1 0 2 0 1 0 1 0 1 1 0 2 0 1 1 1 1 0 1 1 1 1 0 1 2 0 1 2 0 0 0 2
1 0 2 0 1 1 0 1 0 1 0 1 0 2 0 0 2 0 1 1 2 0 0 1 2 1 0 0 1 1 0 2 0 1 2 0 1 1 1 1 0 0 0 0 0 0 1 1 0 1 0
0 1 0 1 1 1 1 0 2 1 2 1 0 0 0 0 0 2 1 1 1 0 1 1 1 1 1 1 2 0 0 1 1 1 0 0 0 0 0 1 1 0 1 0 2 2 0 2 0 0 0
0 2 1 1 1 1 1 1 0 0 1 2 0 0 0 1 0 0 0 1 0 2 1 1 1 0 1 1 1 0 1 0 0 2 1 1 0 0 0 2 0 1 1 0 2 0 0 1 0 0 0
0 0 2 1 2 0 1 1 0 2 1 1 0 1 1 1 1 1 1 0 1 0 1 0 1 2 0 1 1 0 2 0 1 0 1 0 1 0 0 1 0 2 1 0 1 1 1 0 0 1 1
0 0 1 0 0 0 0 0 1 1 0 1 1 0 0 0 0 0 1 0 0 1 1 0 0 1 1 0 2 2 0 0 1 1 0 2 1 0 2 0 1 0 1 0 1 0 1 2 1 1 0
0 1 1 0 1 0 0 0 1 0 1 1 1 0 0 1 2 0 1 0 2 0 0 0 0 2 0 1 1 0 0 1 1 2 0 0 2 1 1 0 1 1 0 2 1 0 0 1 0 2 1
0 1 0 1 1 1 0 0 0 1 2 1 1 1 0 1 0 2 0 0 1 0 2 0 0 2 1 0 1 1 1 0 1 1 1 1 1 0 0 1 1 0 2 1 0 2 1 1 2 1 1
1 0 1 1 1 2 2 1 0 2 1 1 2 2 0 0 1 1 1 0 2 1 2 0 0 1 1 1 2 0 1 1 2 1 0 0 1 0 2 2 0 1 0 0 1 0 0 1 1 0 0
0 0 1 1 2 1 0 0 2 1 1 2 0 1 1 0 1 1 1 1 1 0 0 0 0 1 0 2 1 1 1 0 0 1 1 0 2 0 1 1 0 1 1 1 1 1 1 1 0 1 1
0 1 0 1 1 0 0 1 1 2 2 2 0 0 0 2 0 0 0 0 0 0 0 1 0 1 0 1 0 1 1 0 1 0 1 1 2 0 0 1 0 1 1 0 1 2 0 1 0 2 2
0 0 0 1 0 0 0 1 0 1 1 1 1 0 1 1 2 1 0 2 1 0 1 1 1 0 0 1 0 1 0 1 2 0 1 1 1 1 2 2 1 0 1 2 2 0 1 1 0 1 0
0 1 0 0 1 1 0 2 1 2 1 1 0 0 1 0 2 1 0 1 2 1 1 0 2 0 2 0 0 1 0 1 2 2 2 0 0 1 0 1 0 1 0 0 1 1 1 1 0 1 0
0 1 0 0 1 0 0 0 1 1 2 1 0 0 1 1 2 1 0 2 1 0 2 1 1 1 2 2 1 0 1 1 1 1 0 1 1 0 1 2 0 1 1 2 1 0 1 1 1 1 2
0 1 2 1 1 2 0 1 1 2 2 2 1 1 0 0 0 1 1 2 1 0 1 1 2 1 0 0 1 1 1 1 2 1 1 0 1 0 1 0 0 1 1 0 2 0 1 1 0 2 0
0 1 2 1 0 1 1 1 1 1 0 1 1 1 0 1 1 0 1 0 2 2 1 2 0 1 2 2 0 2 0 0 0 1 0 0 0 0 2 1 0 0 0 1 1 0 1 1 0 1 1
1 1 2 1 1 1 2 0 0 1 0 0 0 1 2 1 0 0 0 0 0 0 1 0 1 2 1 0 1 1 2 0 1 1 2 1 1 1 2 0 0 0 1 0 2 0 1 1 0 0 1
0 1 0 0 2 0 1 1 1 1 2 0 1 1 0 1 1 1 0 1 0 0 1 1 1 1 0 1 0 2 1 1 0 1 0 1 1 0 1 0 0 2 1 1 1 1 0 0 1 0 0
1 2 2 0 2 1 1 1 1 2 1 1 0 1 1 2 1 1 0 0 0 1 1 1 0 2 1 1 2 1 1 0 1 1 2 1 1 0 1 1 2 1 1 0 2 1 1 1 0 0 0
0 1 1 1 1 1 2 0 0 1 0 2 1 0 0 1 1 0 1 2 0 0 0 0 0 1 1 0 0 2 1 0 0 0 0 1 0 0 1 0 0 1 0 1 0 1 0 1 0 1 0
0 2 0 1 1 0 1 0 0 0 0 1 0 0 2 1 0 0 0 0 0 0 2 0 1 2 0 0 1 2 1 0 1 1 1 1 0 1 1 1 0 1 1 0 1 1 1 1 1 1 2
1 0 1 1 1 0 0 0 0 2 2 0 0 0 0 1 1 0 0 0 0 0 0 0 1 1 2 1 0 1 1 1 0 1 1 0 1 2 1 1 0 0 0 1 1 1 0 0 0 2 1
1 1 0 1 1 0 2 0 0 2 1 2 1 0 1 1 1 0 0 0 1 1 1 1 1 0 2 0 0 2 0 1 1 0 0 0 1 0 2 1 1 2 1 0 1 0 1 0 1 0 2
0 0 0 0 0 1 0 1 0 1 1 2 0 2 1 2 0 0 1 1 0 1 2 1 2 1 1 0 1 1 0 1 0 1 1 0 1 0 0 0 0 1 1 0 2 1 0 0 0 0 2
0 0 0 0 0 2 1 1 0 0 1 0 1 0 1 0 1 0 1 2 0 1 0 1 1 0 0 0 0 1 0 0 1 0 0 1 1 0 0 1 0 1 0 1 2 2 1 0 0 2 0
0 0 1 1 1 1 1 0 0 1 1 2 1 2 0 0 0 1 1 1 1 1 1 0 0 2 0 0 0 0 1 0 1 2 0 1 1 1 2 1 1 0 2 2 2 0 1 2 0 2 1
0 0 1 2 0 1 1 0 2 0 0 1 0 1 2 1 1 0 1 2 2 1 1 1 0 1 1 0 2 1 2 0 2 1 1 0 1 1 2 2 0 1 2 1 2 0 1 0 1 1 0
0 0 0 0 2 0 1 1 0 1 0 1 0 0 1 0 0 0 0 1 0 1 1 1 2 0 1 1 0 1 2 1 1 1 0 1 0 1 1 2 1 0 1 1 0 1 1 0 0 1 1
0 1 0 0 0 1 0 1 0 1 1 2 0 2 0 0 1 0 0 1 2 0 2 0 2 2 0 1 2 0 0 1 1 1 0 0 1 0 1 0 0 0 0 0 1 0 0 1 1 0 0
0 1 1 1 1 1 1 1 0 1 0 2 0 1 0 2 0 1 1 0 1 0 1 1 0 2 1 1 1 1 0 1 2 1 1 2 0 1 1 2 0 1 0 2 2 2 1 0 2 1 1
0 0 1 2 2 1 1 1 0 1 0 1 0 0 0 1 2 0 0 0 1 0 1 1 1 2 0 2 0 1 0 2 2 1 1 0 1 1 0 1 0 0 0 1 1 0 1 1 0 0 1
0 1 2 1 1 0 1 0 1 2 2 1 0 1 0 1 1 0 1 2 2 1 2 1 1 1 2 1 2 1 1 0 1 1 1 0 0 0 0 0 1 2 1 0 2 0 0 2 0 1 1
0 1 1 1 0 1 1 2 1 1 1 1 1 1 0 1 1 0 1 1 2 0 1 0 0 1 0 1 0 2 0 1 2 1 0 0 1 0 1 0 0 2 2 0 0 0 0 0 2 0 0
1 0 0 1 2 1 0 0 0 2 1 2 0 1 1 1 0 1 0 1 0 1 1 1 0 2 1 1 1 0 2 0 1 0 1 1 1 0 1 1 0 1 2 0 0 0 1 0 0 2 0
0 0 0 0 1 1 0 1 0 1 1 0 0 1 0 1 2 0 1 0 1 1 1 1 1 1 0 2 0 2 0 0 1 0 0 0 1 0 1 1 1 1 1 0 0 1 1 2 0 0 1
0 1 0 0 1 1 0 0 0 1 2 0 0 0 2 0 0 1 1 1 0 0 0 0 2 0 0 0 1 1 1 0 0 0 0 0 0 1 1 1 1 0 1 1 1 1 1 0 0 1 0
0 2 0 1 1 1 1 0 0 2 1 0 1 0 0 0 2 1 0 0 0 0 1 1 2 0 2 0 2 2 1 1 2 1 1 0 1 0 1 0 0 0 1 1 1 1 0 1 0 1 0
0 0 0 2 0 0 0 0 0 1 0 1 1 1 0 1 0 1 1 1 1 1 0 0 1 1 0 1 2 0 1 0 0 2 0 1 1 0 2 0 2 1 1 1 0 1 1 0 1 1 1
0 1 2 0 0 1 1 0 0 0 0 1 0 1 0 2 1 1 0 0 2 0 1 1 1 0 0 1 1 2 2 1 1 1 0 2 1 0 2 1 0 1 1 0 2 0 1 0 0 2 1
0 0 1 0 1 1 1 0 0 1 1 1 0 2 0 0 1 0 1 1 1 1 1 0 1 1 2 0 1 2 0 0 1 0 0 0 1 0 1 2 0 1 0 1 1 0 1 1 0 2 0
0 0 0 1 1 0 1 0 2 1 0 1 1 2 0 2 1 1 1 1 1 0 0 1 1 1 1 0 1 2 1 0 1 2 0 1 1 0 1 1 1 1 1 1 1 0 1 0 1 0 2
0 0 1 1 0 1 0 0 2 0 0 2 1 1 1 1 0 1 0 1 1 0 1 1 2 0 0 0 0 2 0 0 1 0 0 2 0 0 2 0 1 1 1 0 0 1 0 1 0 0 1
0 0 0 1 1 0 1 1 1 2 1 0 1 1 0 0 1 0 0 1 1 1 2 1 1 2 1 1 2 0 1 2 1 0 1 1 0 0 0 1 1 1 0 1 1 0 1 0 1 0 1
0 1 1 1 1 1 1 1 0 1 1 2 1 0 1 1 1 0 1 0 1 0 2 1 1 1 1 0 1 1 1 1 1 0 0 0 0 0 0 2 1 1 1 0 1 1 1 0 1 2 0
1 0 0 0 2 2 1 0 0 1 2 1 1 1 0 0 0 0 0 1 1 0 1 1 0 1 1 1 1 2 0 0 0 1 1 1 1 0 1 2 0 0 1 0 0 1 0 0 1 1 0
1 0 1 1 1 0 0 1 1 1 0 1 1 1 0 1 0 0 0 0 1 1 1 1 1 1 0 0 0 0 1 1 1 1 1 1 0 1 1 1 2 1 1 1 1 1 2 1 0 0 1
0 0 0 1 2 1 1 2 0 1 1 1 2 0 0 0 1 0 1 2 2 0 2 0 0 1 1 0 0 1 0 1 2 0 1 1 1 0 0 1 0 0 1 2 1 0 1 1 2 1 1
0 2 1 0 1 2 1 0 0 1 2 0 0 2 0 0 1 0 1 1 1 1 1 2 0 0 1 0 2 1 0 0 2 1 0 1 0 1 0 2 0 1 1 1 1 0 0 2 0 0 0
0 0 1 0 1 1 0 0 0 1 1 0 0 2 1 1 1 0 0 0 2 0 1 1 1 0 1 0 1 1 2 0 1 1 1 1 1 0 1 1 0 0 2 0 1 0 0 2 0 2 0
0 1 1 1 1 0 1 1 1 1 2 2 0 1 0 0 0 0 0 1 1 0 2 0 0 1 2 0 1 0 1 1 0 1 2 1 1 0 1 2 1 1 2 1 0 1 1 0 1 1 1
0 1 1 0 2 0 1 1 0 0 0 1 0 1 0 1 0 1 0 0 1 1 2 2 1 0 1 1 1 1 0 0 2 1 0 2 0 0 1 1 0 2 2 1 1 0 0 1 0 0 0
0 2 1 1 1 0 0 2 0 2 2 1 2 1 0 1 0 0 1 1 0 1 1 0 1 1 0 0 1 0 0 2 2 0 1 0 0 2 1 0 1 1 1 1 1 0 1 0 0 0 0
0 2 0 1 0 1 0 1 0 1 1 1 0 0 0 0 0 1 2 0 2 0 1 1 0 2 0 0 1 0 0 1 0 1 0 1 1 0 1 1 0 2 0 1 1 2 1 1 0 2 0
0 1 0 0 1 2 0 1 0 2 2 2 1 1 1 0 1 0 1 0 2 0 1 1 0 0 1 1 1 1 1 0 1 2 1 2 0 1 2 2 1 1 2 0 0 0 1 1 0 1 1
0 1 0 0 1 1 1 2 0 0 0 2 0 0 1 0 2 0 1 1 1 1 2 1 0 1 0 1 2 2 1 0 0 2 1 0 1 1 2 0 1 1 1 0 0 0 0 0 1 0 0
0 0 1 2 2 1 1 1 0 1 0 0 1 0 1 1 0 1 0 1 1 2 1 1 2 2 1 1 1 1 0 1 1 0 1 1 1 1 1 0 0 1 2 1 1 1 0 0 0 1 2
0 1 1 0 2 1 0 1 1 1 1 0 0 0 2 0 0 0 1 1 1 0 1 1 1 1 0 1 1 1 1 1 0 1 1 1 1 0 0 0 0 1 1 2 1 0 1 0 0 1 0
0 2 1 1 0 1 2 1 0 0 0 2 1 0 0 0 1 1 0 1 1 0 0 1 1 2 0 0 1 0 1 0 1 1 1 2 1 0 1 1 0 1 1 1 1 1 0 1 0 1 0
1 0 0 0 1 1 1 0 1 1 1 1 1 0 1 0 2 0 1 1 1 1 1 0 1 1 1 2 1 1 0 1 1 1 2 0 1 0 1 2 0 1 1 0 1 0 1 2 0 1 0
0 0 1 1 1 1 0 1 0 0 0 0 0 0 0 1 2 2 1 1 1 1 2 1 1 1 0 0 1 1 2 0 0 0 0 1 0 1 1 1 0 1 0 0 0 0 2 0 1 0 0
0 1 1 0 2 0 2 2 0 0 0 2 0 0 0 0 2 2 1 2 2 1 2 1 1 0 1 2 0 1 0 1 0 0 1 0 1 0 2 1 0 2 1 1 2 0 0 1 1 1 1
0 0 0 0 0 0 0 1 0 1 1 2 0 2 1 0 0 0 0 0 1 0 1 1 1 2 2 1 0 1 0 1 1 2 2 2 1 2 0 1 0 0 1 0 1 2 1 1 2 2 0
0 0 0 2 1 0 0 1 0 2 0 0 1 0 0 0 0 2 0 0 2 1 1 0 0 1 1 0 0 2 2 1 2 0 1 0 0 0 1 0 2 0 2 0 1 2 1 0 1 1 0
0 0 0 1 1 0 2 1 2 0 1 1 1 0 0 0 0 0 1 1 2 0 2 1 0 2 1 0 1 1 1 0 1 0 0 1 0 0 0 2 0 0 1 1 2 0 1 0 0 1 0
0 0 1 1 1 0 1 2 0 0 2 0 0 2 0 1 0 1 0 2 0 0 1 0 1 0 0 1 2 0 1 0 1 1 0 1 1 0 2 1 1 0 1 0 1 0 2 1 2 1 0
1 0 1 2 0 0 0 1 0 2 0 1 0 1 0 1 1 0 1 0 1 0 0 1 0 2 1 1 1 2 1 0 2 0 1 0 1 1 1 1 2 0 0 1 0 1 0 2 0 0 0
0 1 1 2 1 2 2 0 1 0 1 0 0 0 1 1 1 1 0 0 0 1 1 0 0 0 1 1 0 1 1 0 2 0 0 0 0 1 2 2 0 0 0 0 1 0 2 1 0 2 1
0 1 1 0 2 2 1 1 1 1 2 1 0 0 0 1 1 1 0 1 0 0 2 1 1 0 0 0 0 2 0 1 2 1 1 1 1 0 0 2 0 1 1 1 1 1 0 1 1 1 0
0 0 1 0 0 1 0 1 1 2 0 1 0 1 0 2 2 0 1 1 0 0 2 1 1 1 1 0 0 2 2 0 1 0 1 1 1 0 1 2 1 1 0 0 1 0 1 1 1 2 0
0 0 2 2 0 0 0 0 0 0 0 1 1 1 0 0 1 0 0 1 1 0 1 1 1 1 1 1 0 0 1 0 1 1 1 2 2 0 0 0 0 2 2 1 2 0 2 0 1 1 1
0 2 1 2 2 0 0 0 1 0 2 1 1 0 1 1 0 0 1 1 0 1 0 1 0 1 1 0 1 1 1 1 0 1 0 1 1 1 2 0 1 1 2 1 0 1 1 1 1 0 0
0 2 0 1 1 1 0 2 1 0 1 2 1 0 2 0 1 0 0 0 1 2 1 1 0 1 0 0 1 1 1 0 2 0 0 1 1 0 1 2 0 0 1 1 1 2 1 1 0 0 2
1 0 1 0 0 1 0 0 1 2 0 0 2 1 0 0 1 0 1 1 2 1 2 2 2 1 0 0 1 1 0 1 2 1 1 0 1 1 2 2 1 1 0 0 0 1 2 1 0 0 1
0 1 1 2 1 0 1 0 0 0 2 1 1 1 2 0 0 1 0 1 0 0 0 1 0 1 1 2 1 2 1 0 1 1 0 0 0 0 0 1 0 2 1 1 0 0 2 2 0 0 0
0 0 2 1 2 2 1 0 1 1 1 1 1 1 0 1 2 0 0 0 1 1 0 2 1 1 0 2 1 1 0 0 0 2 1 0 0 2 1 2 0 1 1 0 1 1 1 1 1 0 1
0 0 1 0 0 0 2 0 1 0 0 2 0 0 2 0 1 0 0 2 1 0 0 0 1 1 1 0 1 2 0 0 1 1 2 0 1 0 1 2 0 0 0 0 2 2 1 0 0 1 0
0 0 1 1 1 0 2 2 1 2 0 0 1 2 0 1 0 1 1 1 1 1 1 1 1 2 0 1 2 1 1 0 1 0 0 0 1 1 1 2 0 0 1 0 1 1 1 0 0 1 1
0 1 2 1 0 0 2 0 0 2 0 0 0 0 0 0 0 0 0 2 1 2 2 0 0 0 0 2 1 2 1 1 1 1 1 1 1 0 1 2 2 0 1 1 1 0 0 0 1 0 1
0 2 1 0 0 0 1 1 0 1 1 0 1 0 1 0 2 1 0 2 2 0 0 0 1 1 0 1 1 0 1 2 2 2 1 1 0 0 1 1 1 2 0 1 1 1 1 1 0 0 0
0 0 1 1 1 0 0 1 1 0 0 1 0 0 0 1 1 1 0 2 2 1 0 0 1 1 1 1 0 1 1 2 2 1 1 0 1 0 1 2 0 1 1 1 0 1 1 1 1 1 1
0 1 0 1 2 0 1 1 1 1 0 1 0 0 2 0 0 0 0 0 0 2 2 1 2 2 0 1 2 2 1 0 1 1 0 0 1 0 1 0 1 2 1 0 1 0 1 2 0 1 0
0 1 1 1 0 0 1 1 1 1 1 2 0 2 1 2 0 2 1 2 1 0 1 0 1 0 0 0 0 0 1 0 0 1 1 0 1 0 2 2 1 0 0 1 0 1 0 1 0 0 0
0 1 1 0 1 2 1 1 1 0 0 0 0 1 2 1 2 1 0 1 0 1 1 1 1 0 0 0 1 0 1 0 0 0 0 1 0 0 1 1 1 0 0 0 2 0 1 2 2 1 1
0 1 1 1 0 0 2 0 0 0 1 2 0 0 0 0 1 1 1 2 0 1 1 0 1 1 0 0 1 1 0 0 1 1 0 0 0 0 2 2 0 1 1 0 0 1 1 1 1 0 2
1 0 0 0 1 1 2 1 0 1 0 0 1 0 1 2 0 0 0 1 0 1 1 1 1 0 0 0 1 1 1 1 0 2 1 1 1 0 1 0 1 0 1 0 2 0 0 1 1 2 1
1 2 2 2 0 1 1 0 1 2 1 1 1 1 1 1 1 0 1 2 1 1 1 2 2 0 0 0 1 1 2 1 1 1 1 1 2 1 1 1 1 0 1 0 1 0 1 0 1 1 0
0 1 1 0 1 1 1 0 0 1 1 1 0 0 0 1 0 0 0 1 0 0 0 1 1 1 1 0 1 0 1 0 0 1 0 1 1 0 0 1 0 0 2 0 2 0 1 1 1 1 1
0 0 0 0 1 1 0 1 0 1 2 2 1 1 1 1 0 1 0 2 2 1 0 1 1 1 0 1 2 1 1 1 0 2 1 0 0 1 0 1 0 2 0 2 1 0 1 1 0 0 0
0 0 1 1 1 2 2 1 0 2 1 0 1 1 1 2 1 1 1 1 2 0 1 0 2 1 0 2 0 2 1 0 0 0 1 1 1 1 1 0 1 1 1 1 1 1 0 2 1 0 1
0 0 2 2 1 0 1 0 1 2 0 0 0 0 1 0 0 1 1 0 0 0 1 2 0 0 0 1 2 1 0 0 1 1 1 1 0 0 0 0 0 1 1 0 0 1 0 1 1 1 1
0 1 1 0 2 1 1 1 0 1 1 1 0 1 0 2 0 2 0 1 1 0 0 1 1 2 1 0 2 1 0 0 1 0 1 1 1 1 1 1 0 2 0 1 1 0 1 1 0 1 0
0 2 1 0 1 0 0 1 1 0 2 0 2 0 1 0 1 0 1 1 2 0 0 0 2 2 0 0 0 1 0 0 0 0 0 1 0 0 1 1 0 0 1 0 2 2 1 1 0 0 2
0 1 1 0 2 1 0 1 0 2 2 1 0 0 1 0 0 0 0 0 2 0 2 1 1 1 0 0 1 0 0 2 0 1 1 1 0 0 0 2 0 2 1 0 0 1 1 1 1 0 1
0 0 0 1 1 0 0 1 0 0 0 2 0 0 1 0 2 1 1 1 1 0 2 1 0 0 1 0 0 0 1 1 1 1 2 1 1 0 0 1 1 2 1 1 1 0 0 1 1 1 0
1 0 0 2 0 1 1 1 0 2 0 2 1 1 0 1 2 0 1 2 0 2 1 1 1 1 1 1 1 2 1 1 1 1 0 0 0 0 2 1 1 1 1 0 1 1 2 1 0 1 1
0 1 1 1 1 0 0 2 1 1 2 1 1 1 1 1 0 0 1 0 1 2 1 1 2 2 0 0 1 1 1 0 2 1 1 0 0 1 0 1 1 0 0 2 1 1 2 1 1 0 1
0 0 0 0 1 1 1 0 0 1 0 2 2 0 0 1 2 0 1 1 1 0 0 2 0 1 0 0 0 1 1 0 1 2 1 1 0 1 1 1 1 1 1 1 0 2 1 0 1 0 0
0 1 2 0 1 1 1 1 0 1 1 2 0 2 1 1 1 0 1 1 1 1 2 1 1 1 0 1 1 1 0 1 2 1 0 1 0 0 1 1 1 1 0 2 1 0 1 1 0 1 0
0 1 1 0 2 1 1 1 1 1 1 1 1 0 0 1 0 0 0 2 0 0 1 0 0 1 0 1 2 2 0 0 1 0 0 1 1 2 0 0 1 1 2 1 1 1 1 1 1 1 1
0 0 1 0 0 2 1 1 0 1 1 2 1 1 1 0 1 0 0 2 1 1 2 1 2 2 1 0 1 0 2 1 2 0 0 1 1 0 0 1 1 2 2 0 2 1 0 0 2 0 2
0 0 0 0 2 0 0 0 0 1 0 2 0 1 0 2 0 1 0 1 1 0 1 1 1 0 1 2 0 0 1 0 1 1 2 0 1 1 1 1 0 0 2 2 0 1 0 1 1 0 0
0 0 0 0 1 1 1 2 0 1 0 0 1 0 2 1 1 1 0 2 1 2 2 0 1 2 0 2 0 0 0 0 1 1 0 0 0 0 1 1 0 0 2 1 1 0 1 1 2 0 0
1 1 1 1 1 0 1 1 1 1 1 0 1 0 0 0 0 0 0 1 0 1 0 1 1 1 1 1 1 1 1 0 1 1 0 0 1 1 2 2 2 2 1 0 0 0 0 1 0 1 0
0 0 1 0 2 0 0 0 1 1 1 1 1 2 0 2 1 0 1 1 1 0 2 1 2 0 0 1 0 0 0 1 2 1 1 1 1 0 0 0 1 0 2 1 2 2 2 2 1 0 0
0 2 1 1 2 1 0 0 0 1 1 0 0 2 0 2 1 0 0 1 0 1 0 0 1 2 0 0 1 1 1 1 2 1 1 0 0 0 2 0 0 1 0 1 1 0 1 1 1 2 1
0 1 0 1 1 1 0 1 0 1 0 1 0 1 1 1 2 1 0 1 1 0 2 1 1 1 1 2 0 2 1 0 1 0 1 0 0 1 1 2 1 1 1 0 2 0 0 1 0 1 1
0 0 0 0 0 0 1 0 2 1 0 2 0 1 1 1 1 0 0 0 2 1 1 0 1 0 1 2 1 0 1 0 1 0 0 1 0 1 1 0 0 0 1 0 2 0 0 1 1 0 0
0 1 2 2 1 0 1 1 1 1 1 1 0 1 0 2 2 1 0 0 1 2 2 0 0 0 0 1 1 1 0 1 0 1 0 0 0 0 0 0 0 0 1 1 2 1 1 1 0 0 1
1 0 1 1 2 2 1 0 1 0 1 1 2 0 0 0 2 0 1 0 1 1 0 2 0 1 0 1 2 0 1 0 0 1 0 0 0 1 2 2 1 0 1 1 1 1 0 1 0 1 2
0 2 0 2 2 1 0 1 0 1 2 1 1 0 0 0 2 0 1 1 1 1 2 1 1 1 1 1 1 2 1 1 1 1 1 0 0 1 1 0 1 1 2 0 1 0 1 1 0 1 0
1 1 1 0 0 0 0 0 0 0 1 2 1 1 0 1 0 1 0 0 1 2 1 0 0 2 1 1 2 1 2 0 2 1 1 0 0 1 1 0 1 1 0 0 2 1 2 1 1 2 1
1 0 0 2 1 1 1 1 0 1 0 1 0 1 1 1 1 1 1 1 1 2 1 0 1 1 0 1 1 2 1 0 2 0 1 0 2 0 1 0 1 1 1 1 1 0 2 2 0 0 1
1 1 0 0 1 2 1 1 1 1 1 0 1 0 0 1 1 0 0 0 1 2 0 1 1 1 1 1 0 1 0 1 0 1 0 1 0 1 1 1 0 0 2 0 1 0 2 1 1 2 1
1 1 1 0 1 0 1 0 1 1 0 1 1 0 0 0 1 1 2 1 1 1 1 2 1 0 1 0 0 0 1 1 1 1 1 0 0 1 1 1 1 0 0 0 1 2 1 2 1 0 1
1 2 1 1 0 1 0 0 0 2 0 2 1 1 2 0 0 0 0 1 1 0 0 1 1 1 1 0 1 2 0 0 1 1 1 2 1 0 1 1 0 1 2 1 0 0 0 2 1 2 1
1 0 1 0 1 0 2 1 0 1 1 0 0 1 1 1 0 0 1 1 1 2 1 1 1 1 1 1 0 1 1 1 1 1 2 1 2 0 1 1 1 1 1 2 1 0 1 1 1 1 0
1 0 1 0 1 2 1 0 1 1 1 0 0 0 0 0 0 0 0 1 1 0 1 1 1 1 0 0 2 1 0 1 1 0 2 0 1 0 2 2 2 1 2 0 2 0 1 2 2 1 0
1 0 0 1 1 1 0 0 0 0 2 2 1 1 0 1 0 1 0 0 1 1 0 0 1 1 0 0 1 0 0 1 2 1 1 0 1 1 0 1 1 0 1 0 0 0 0 1 0 1 0
1 0 1 1 2 2 0 2 0 0 1 2 2 1 0 1 0 1 0 2 1 0 2 0 1 1 1 0 1 0 1 1 1 1 0 0 0 2 1 0 0 2 2 0 2 0 0 1 0 0 1
1 0 1 1 2 0 1 0 0 1 1 2 0 0 2 0 1 1 0 0 1 1 1 1 0 1 2 0 2 2 0 0 1 1 1 1 0 1 0 1 0 1 0 1 2 0 0 2 0 1 0
1 1 0 0 1 1 1 0 0 1 1 1 0 1 0 0 1 0 0 1 1 0 1 0 2 1 1 1 1 1 1 1 1 0 1 1 1 1 1 2 0 0 0 0 2 0 0 1 0 2 1
1 1 0 1 2 2 0 2 0 2 0 1 1 2 0 0 2 0 0 1 1 1 1 1 0 0 1 1 1 0 1 2 0 1 0 0 1 1 1 0 1 1 1 1 0 0 0 0 0 1 1
1 1 0 0 2 1 1 1 0 0 1 1 0 1 0 1 1 1 0 1 1 0 0 0 0 1 1 2 1 1 0 1 2 1 1 1 0 0 1 2 1 0 0 0 1 0 1 0 0 2 2
1 0 0 0 0 1 1 1 0 2 0 2 0 2 1 1 0 0 0 1 1 0 1 0 2 1 2 0 0 1 1 0 0 0 2 1 2 1 0 2 1 2 1 0 0 1 1 0 0 1 0
1 0 2 0 1 1 0 0 1 1 2 1 1 0 0 1 1 1 1 2 1 0 1 2 2 2 2 0 0 1 1 0 0 0 0 1 1 0 0 0 1 2 1 0 0 0 2 1 1 1 0
1 0 1 1 1 1 1 0 0 1 1 2 1 0 2 1 1 1 2 0 1 0 0 0 1 0 1 0 0 1 1 1 0 1 0 1 2 2 1 1 0 0 1 1 2 0 0 1 1 0 0
1 2 1 1 2 1 1 0 1 2 0 1 1 1 2 0 0 0 0 0 0 1 1 1 2 1 0 0 0 1 1 0 1 1 0 0 0 0 2 1 2 1 0 0 0 0 1 2 1 1 0
1 1 0 2 1 2 0 0 0 1 0 1 0 1 0 1 1 0 1 1 0 1 1 1 0 2 1 1 1 1 0 0 1 1 1 2 0 1 0 1 1 0 1 1 2 2 0 1 0 2 1
1 2 2 1 1 2 2 0 0 1 2 0 1 0 2 1 0 1 1 1 0 0 1 0 1 1 0 0 2 1 1 0 1 0 0 0 1 0 2 1 0 1 2 0 1 0 2 0 0 1 1
1 0 0 1 1 1 0 0 1 1 0 1 2 0 1 0 0 0 0 1 0 1 1 0 1 1 1 2 1 1 0 1 1 1 1 0 0 0 0 0 0 0 0 0 1 0 0 1 0 0 0
1 1 1 0 1 1 1 1 1 1 1 0 1 0 0 0 2 0 1 1 1 0 1 1 1 0 1 1 1 2 0 0 1 2 1 0 1 0 1 2 0 0 1 0 1 1 1 0 0 2 0
1 0 1 0 2 0 0 2 1 2 2 1 0 1 1 1 1 2 0 0 2 0 2 1 1 1 2 0 2 0 0 1 0 1 1 0 1 0 2 1 1 1 1 2 1 0 1 1 0 1 0
1 1 1 1 1 0 0 0 0 1 1 1 1 0 0 0 1 0 2 0 2 1 1 0 1 1 0 2 0 0 2 0 2 1 0 0 2 0 2 0 0 2 2 1 1 2 1 1 2 0 0
1 0 0 0 0 2 0 1 0 0 2 1 2 0 1 0 1 1 0 0 1 0 1 0 0 1 1 1 2 1 2 0 1 1 1 0 1 0 0 1 0 2 0 0 2 1 1 0 0 0 0
1 1 1 2 1 2 1 1 1 0 0 1 0 1 1 0 1 0 0 1 1 0 1 0 0 1 1 0 1 0 0 0 2 1 0 1 0 0 1 1 0 1 1 0 1 0 2 0 0 1 0
1 1 0 2 2 0 0 1 1 2 1 1 1 0 1 0 1 1 1 0 1 0 0 2 1 2 2 1 0 0 0 0 1 2 2 0 1 1 1 1 1 1 1 0 1 0 1 0 0 1 1
1 0 1 1 2 2 1 1 1 2 0 1 0 0 0 0 0 1 1 1 2 0 1 1 1 0 1 0 1 0 2 0 1 0 0 1 2 0 1 1 0 1 2 0 1 1 0 0 2 1 2
1 1 2 0 2 0 2 1 1 2 2 0 0 1 0 2 0 1 0 1 1 1 0 1 2 1 0 0 2 2 1 0 2 0 0 1 1 0 0 0 1 1 0 1 1 0 1 1 2 1 1
1 0 0 2 2 0 1 0 1 1 1 1 0 1 2 1 1 0 0 1 0 1 1 0 0 0 2 1 0 0 0 0 1 1 1 1 1 0 0 2 0 1 1 1 0 0 1 2 0 2 0
1 0 1 0 1 0 0 2 1 1 0 1 1 1 0 1 1 0 1 0 1 2 0 0 1 1 0 1 1 0 1 0 2 1 2 0 2 0 1 2 0 2 0 0 2 0 1 0 0 1 1
1 0 1 1 2 0 1 2 0 2 1 1 0 0 1 0 1 0 0 2 1 2 0 0 2 1 1 1 1 2 1 1 1 0 0 1 0 0 0 2 1 1 1 0 2 1 1 0 1 0 1
1 1 0 1 2 1 0 1 0 1 2 2 1 2 0 1 1 0 1 1 1 1 0 0 0 2 0 1 1 0 1 1 1 2 1 0 0 1 1 2 0 2 1 0 0 0 1 0 1 2 1
1 0 2 1 0 0 0 2 1 0 1 2 1 1 1 1 0 0 0 1 1 0 0 0 0 1 1 0 1 0 1 1 1 1 1 0 1 0 1 0 0 0 0 0 1 1 0 2 0 0 0
1 1 0 0 0 0 1 0 1 2 1 1 1 0 0 0 1 1 1 1 2 1 2 0 1 0 0 1 1 1 1 1 1 1 0 1 1 2 1 1 0 1 0 0 1 0 1 1 1 0 0
1 0 1 0 1 1 0 1 1 1 1 1 1 1 1 0 1 1 1 0 2 1 1 1 0 1 0 1 1 1 1 0 1 0 1 1 1 1 0 1 0 1 2 0 1 1 0 0 1 1 0
1 0 1 1 1 1 1 0 1 1 1 1 1 0 0 1 0 2 0 0 0 0 1 1 0 2 1 0 1 1 1 0 0 1 1 1 0 1 2 0 0 1 1 1 1 2 2 0 1 1 1
1 1 0 1 2 0 1 2 1 1 0 0 1 0 0 0 1 0 1 2 2 0 0 2 1 1 2 1 1 2 0 2 1 1 1 0 1 0 0 0 1 1 1 1 0 0 0 0 0 1 1
1 1 2 0 1 0 1 2 0 1 2 0 1 1 0 1 0 0 0 0 1 0 1 1 0 1 0 0 0 1 1 1 1 2 2 0 0 1 1 1 0 1 1 1 1 1 1 0 1 1 0
1 0 1 1 1 2 1 0 1 2 0 1 0 0 0 0 0 0 0 0 1 1 2 1 1 1 0 1 2 1 1 0 1 0 1 0 0 0 0 0 0 1 0 1 1 0 2 0 0 1 0
1 0 0 0 2 1 1 0 1 0 2 1 1 0 1 2 1 1 0 0 2 0 2 2 2 2 0 0 0 2 1 1 1 2 1 0 2 1 0 0 0 2 0 0 1 1 1 1 2 1 1
1 0 0 2 1 1 1 0 0 1 0 1 0 2 0 2 1 0 1 1 1 1 1 0 0 1 2 1 1 0 1 0 1 1 2 2 1 0 1 0 0 2 1 0 1 1 1 1 1 0 0
1 0 0 0 1 2 0 2 0 1 0 0 0 0 0 1 1 2 1 0 1 1 0 0 1 0 1 1 1 0 0 1 0 2 0 0 1 0 1 1 0 1 0 2 2 0 0 0 1 1 0
1 0 2 1 1 2 1 1 0 1 1 1 0 2 1 1 2 0 1 0 0 0 0 0 1 1 0 0 1 0 0 1 1 0 0 1 1 1 0 1 1 0 1 2 1 2 0 1 1 1 1
1 1 1 2 0 1 1 1 1 0 0 1 1 0 1 1 1 0 2 0 1 2 1 0 0 1 0 0 0 0 0 0 2 1 0 0 0 0 1 1 0 1 0 0 1 1 0 1 1 0 0
1 0 0 1 1 1 1 1 1 1 1 2 0 1 0 1 2 0 1 0 1 0 0 2 1 1 0 0 1 1 1 1 2 1 0 0 1 0 1 0 2 1 1 0 1 0 0 1 1 1 1
1 0 2 1 1 0 1 1 0 1 1 1 1 1 0 0 1 0 1 2 1 1 0 0 1 2 0 1 1 1 0 0 0 1 0 0 0 0 1 2 0 0 1 1 2 0 0 1 2 1 1
1 0 1 1 0 0 0 0 0 2 1 1 1 1 1 1 1 1 2 0 2 0 1 1 1 2 1 2 2 1 2 1 1 1 2 2 1 1 1 0 2 2 2 0 0 0 1 1 1 2 0
1 0 1 1 0 2 1 1 0 0 1 1 1 2 2 2 1 1 0 1 1 2 1 2 1 1 2 2 1 2 1 1 2 0 1 0 2 0 2 0 1 2 1 0 0 1 1 0 1 2 0
1 1 0 0 1 1 0 1 1 1 2 1 0 0 2 1 2 0 0 1 2 0 2 2 2 1 0 0 0 1 0 1 1 1 2 2 0 0 1 1 0 0 1 1 2 2 0 1 1 1 1
1 0 1 0 1 0 0 2 1 2 1 0 0 0 1 2 1 0 1 1 1 1 0 2 0 2 2 1 0 1 1 0 2 2 1 0 1 1 0 1 0 0 1 1 2 2 2 0 0 0 0
1 1 2 0 1 2 0 0 1 2 0 1 0 1 0 0 0 1 1 0 1 0 1 0 1 1 0 1 1 1 0 1 2 0 1 0 0 2 0 1 1 0 1 0 1 1 1 0 0 1 1
1 2 2 0 1 0 1 2 1 1 0 1 0 0 0 0 0 1 0 1 1 0 0 1 0 0 0 1 2 1 1 1 0 2 1 1 1 0 0 1 1 2 0 1 0 1 1 0 0 1 2
1 0 0 0 1 2 0 1 2 1 0 1 1 0 0 1 2 1 0 0 2 1 1 0 1 0 0 2 0 2 1 0 0 1 1 1 1 1 1 1 2 0 0 1 1 1 0 1 1 1 0
1 1 1 1 2 1 1 2 1 0 2 0 1 1 0 0 1 1 0 0 0 0 1 1 1 1 1 0 1 2 1 0 1 2 1 1 0 0 2 0 0 0 1 1 0 1 1 0 0 0 0
1 0 0 2 0 0 1 1 1 1 1 2 0 0 1 0 0 1 0 0 1 1 1 1 2 1 0 1 0 0 0 0 0 2 1 1 2 1 1 0 0 0 1 0 0 1 0 2 0 2 1
1 0 1 1 1 0 1 2 1 2 1 1 0 1 2 1 2 1 1 0 1 0 2 1 1 1 0 2 0 0 1 0 1 1 1 0 0 0 0 1 0 2 1 0 1 0 1 2 1 0 0
1 0 1 0 2 1 1 1 1 0 1 1 1 0 0 1 1 0 2 0 1 1 2 1 0 0 0 0 1 1 1 1 2 2 0 1 0 0 0 2 2 0 0 1 2 1 0 1 1 1 0
1 1 0 0 1 0 1 1 0 1 0 1 0 0 1 0 1 0 0 0 1 0 0 1 2 1 0 1 2 1 0 0 1 2 0 2 0 1 1 2 1 0 0 2 0 0 1 1 1 1 1
1 0 1 1 1 1 0 0 0 1 0 1 1 2 0 0 1 1 2 1 1 1 1 2 1 0 0 2 1 1 1 0 2 2 2 1 0 0 0 1 0 2 1 0 1 0 0 1 1 1 1
1 0 2 1 1 0 2 0 0 0 1 1 0 1 0 0 1 0 1 0 2 1 2 0 2 0 1 1 1 0 0 1 1 1 1 1 1 0 0 2 2 0 1 0 1 2 1 1 2 1 1
1 1 0 2 1 0 0 0 0 2 1 0 1 1 0 1 1 0 0 0 1 0 1 1 1 0 1 0 0 1 1 0 1 2 1 0 1 1 1 1 2 2 0 0 0 1 1 1 0 1 1
1 0 2 0 1 2 0 1 1 1 1 2 1 0 0 2 0 1 1 1 1 0 1 0 0 1 1 1 0 1 0 1 2 0 1 0 2 0 1 2 2 0 0 0 1 2 1 1 1 1 1
1 0 0 0 1 1 1 1 0 1 1 0 2 0 0 0 1 0 1 0 1 0 1 0 1 2 1 2 0 1 2 0 1 1 0 1 1 0 0 0 1 1 2 1 0 1 2 2 1 2 0
1 0 1 1 0 0 0 1 0 0 1 0 1 0 0 0 0 1 0 0 0 0 1 1 1 2 1 1 1 1 1 0 0 1 0 1 1 1 1 1 0 2 2 0 2 1 1 0 1 0 0
1 2 2 1 1 1 1 2 1 1 1 2 1 0 0 0 0 1 0 0 0 0 1 2 0 2 0 1 1 0 1 1 1 1 0 0 0 0 0 1 1 0 1 1 0 0 1 0 0 0 0
1 1 1 0 1 1 1 1 0 1 2 1 0 0 1 0 2 0 0 0 1 0 1 0 1 2 0 1 1 1 1 1 1 0 0 0 1 1 1 1 1 2 0 0 2 1 1 0 0 1 1
1 1 1 1 2 0 1 1 0 1 0 1 0 0 1 1 0 0 0 0 2 0 0 0 0 1 1 1 0 2 1 1 0 0 0 0 1 2 0 0 1 2 2 0 0 1 0 1 1 2 0
1 1 1 1 0 1 0 1 0 0 1 0 0 0 0 0 1 0 0 1 1 1 1 0 2 2 1 0 0 1 1 0 1 1 0 0 1 1 2 2 0 0 1 1 1 0 1 2 0 1 1
1 0 1 0 1 1 1 0 0 1 2 0 0 0 0 1 1 2 2 1 0 0 0 1 0 0 0 1 2 1 1 0 1 1 0 0 0 1 1 1 0 0 1 2 1 1 0 1 1 1 0
1 0 1 1 0 0 0 2 0 0 0 1 1 0 1 0 1 0 1 2 0 2 0 1 1 1 1 0 1 2 2 2 1 0 1 0 1 1 0 2 1 2 1 0 1 1 2 0 0 0 1
1 0 0 1 1 1 0 2 0 1 0 1 1 0 0 1 1 1 2 0 0 2 0 0 1 1 2 2 0 0 0 1 2 2 2 1 1 1 1 0 1 1 2 0 1 0 1 0 2 0 0
1 1 0 0 1 0 0 0 0 1 1 0 2 1 0 1 1 0 0 0 1 0 1 0 0 1 1 1 0 1 2 1 1 2 1 1 0 2 0 1 0 0 0 1 2 1 2 2 0 0 1
1 0 1 1 1 0 2 0 1 1 1 1 0 0 0 1 0 0 0 0 1 1 0 2 0 1 1 0 0 2 2 0 1 2 1 2 1 1 1 2 1 1 1 0 0 0 1 1 1 0 2
1 1 1 1 2 2 1 1 1 0 1 0 1 2 1 0 1 0 0 0 1 2 0 1 1 2 1 1 2 0 1 2 0 0 1 1 0 0 2 0 1 1 1 0 1 1 2 0 0 0 1
1 0 2 1 0 0 2 0 1 2 2 1 0 2 0 0 1 1 0 0 1 0 0 1 2 1 0 2 1 1 1 0 1 0 0 1 1 0 2 0 0 2 1 1 2 0 1 0 0 2 1
1 0 0 2 1 1 0 0 0 1 0 1 1 1 1 1 1 2 1 0 2 1 2 1 1 1 1 0 0 0 1 0 2 1 0 0 0 0 0 1 0 1 2 0 0 0 0 2 1 0 0
1 1 2 0 0 1 0 1 1 0 2 1 1 1 0 2 0 1 0 1 0 1 0 1 1 1 1 0 1 1 0 0 1 0 0 0 0 0 0 0 0 0 1 2 1 1 1 1 0 1 1
1 1 2 1 2 0 0 0 1 2 2 1 0 0 0 1 1 0 0 1 1 0 1 0 2 1 1 1 0 1 1 2 1 1 0 1 1 1 1 1 1 2 0 1 1 1 1 1 1 0 0
1 1 1 0 1 1 1 1 1 2 1 1 0 1 0 1 1 0 0 1 1 1 1 2 1 1 1 0 2 2 1 0 0 1 1 0 1 0 2 1 0 0 2 0 0 0 1 0 1 2 2
1 1 0 0 2 0 1 0 1 2 1 0 1 0 0 2 2 0 2 0 1 0 2 1 2 2 1 1 2 1 1 1 1 0 1 1 0 1 0 1 0 1 1 0 2 0 1 0 0 0 2
1 1 0 1 1 0 1 1 0 1 2 2 1 0 0 1 0 2 0 0 2 1 0 1 0 2 1 1 1 0 0 0 2 0 0 1 0 1 2 2 0 0 1 0 1 2 1 2 2 0 1
1 1 0 0 2 1 0 1 1 2 2 2 1 1 1 1 0 0 1 1 0 1 1 1 2 0 0 1 1 2 0 0 0 2 2 0 0 1 2 0 1 2 1 1 1 1 2 1 0 1 0
1 1 0 1 2 1 0 0 2 2 1 1 1 0 1 2 1 1 1 1 0 0 1 1 1 2 2 0 0 1 1 0 1 0 0 1 0 0 1 0 0 2 0 0 1 0 1 0 2 1 0
1 2 1 0 0 1 0 0 1 1 2 2 1 1 0 1 1 0 1 0 2 2 1 2 1 1 1 0 1 0 1 0 1 0 1 1 1 0 0 0 1 1 1 1 1 0 2 1 1 1 0
1 0 0 1 2 2 1 1 1 2 0 1 0 2 0 0 1 1 0 1 2 1 0 0 1 1 1 1 2 2 2 2 2 0 0 0 0 1 0 2 2 2 1 1 0 1 2 1 0 2 1
1 0 1 0 1 1 1 1 1 1 0 1 0 0 0 1 0 1 0 0 1 0 0 1 0 1 0 1 0 1 0 1 2 1 0 0 1 0 0 2 1 1 1 1 0 0 2 0 0 1 0
1 1 1 1 2 0 0 1 1 0 2 1 1 1 0 0 1 2 1 2 0 0 1 1 1 1 1 1 1 1 0 1 0 2 1 1 1 1 0 2 0 0 2 0 0 0 0 0 1 0 0
1 1 1 0 1 0 2 0 0 1 2 1 1 0 0 0 1 0 1 0 1 0 1 1 1 0 1 1 2 1 0 1 2 1 1 0 0 1 0 1 0 2 1 0 1 2 1 2 1 1 0
1 1 1 2 1 1 1 1 0 1 1 1 0 1 0 0 0 0 0 1 0 0 0 1 1 0 1 1 2 2 2 1 1 1 2 0 0 0 0 1 1 1 1 0 1 1 1 1 1 1 1
1 1 0 1 1 1 0 0 1 0 0 1 1 0 1 2 2 0 1 0 1 0 0 0 0 1 0 1 1 2 2 0 1 0 1 0 1 0 1 1 0 2 1 0 1 0 1 1 0 0 1
1 1 2 1 1 0 2 1 0 1 1 1 0 0 0 0 0 1 0 1 1 0 1 1 1 2 0 1 1 2 0 1 2 1 0 1 1 0 1 1 0 2 1 1 1 2 1 2 1 0 1
1 1 0 0 1 1 0 1 0 1 0 0 1 0 1 0 2 0 0 1 0 1 0 1 0 1 1 2 1 1 0 1 1 0 1 1 0 0 2 2 0 1 0 1 0 0 0 1 0 0 1
1 1 0 1 1 0 2 1 0 1 1 2 1 1 0 2 0 1 0 2 2 1 0 1 0 0 1 0 1 2 2 1 1 1 1 0 1 0 1 0 1 2 2 1 0 1 1 0 1 2 0
1 0 0 0 1 1 1 2 1 2 1 2 0 1 1 1 0 2 0 0 1 0 1 2 2 1 2 1 1 1 0 0 0 0 0 2 0 1 1 0 0 1 1 0 0 0 1 1 2 2 1
1 0 2 0 1 0 0 2 0 1 1 2 2 1 1 0 1 0 0 0 2 1 1 0 1 2 0 1 1 0 0 1 2 2 1 1 0 0 1 2 0 0 2 2 2 1 0 2 0 1 1
1 1 1 0 1 1 1 0 0 1 2 1 0 0 0 2 0 1 1 0 0 0 1 1 1 1 1 1 1 1 0 1 1 0 1 1 0 1 1 1 2 0 2 1 1 2 0 1 1 0 2
1 1 0 0 0 1 2 1 1 2 1 0 0 0 0 0 0 0 1 2 0 0 2 1 1 2 0 2 1 1 2 0 1 2 0 1 2 0 2 1 0 1 0 0 2 0 1 1 0 0 1
1 0 2 1 2 1 0 1 1 2 1 1 1 1 0 0 2 0 2 2 1 0 1 1 0 1 1 0 0 1 1 0 0 1 2 1 0 1 1 1 2 0 2 0 2 1 1 0 1 1 2
1 1 0 1 2 1 0 1 0 2 2 0 0 1 1 1 1 1 1 0 1 0 2 1 2 2 0 0 0 0 2 1 2 0 0 0 1 1 1 0 1 1 2 0 0 1 0 1 1 1 2
1 0 1 1 1 1 0 1 1 1 0 0 0 0 1 0 1 1 0 0 0 1 0 2 1 1 1 1 0 1 1 1 1 1 1 0 0 0 1 1 0 1 2 2 2 0 0 1 1 1 1
1 2 2 1 0 1 0 0 1 0 1 0 1 2 0 0 2 1 1 1 1 0 1 0 0 2 1 1 1 1 2 2 2 1 1 0 0 1 0 1 1 2 2 1 0 1 1 1 1 2 2
1 0 0 1 1 1 0 0 0 1 1 1 0 0 0 1 1 0 1 1 2 1 1 0 2 1 1 1 1 0 2 1 1 0 1 0 1 0 1 1 0 1 2 0 2 1 1 0 0 1 0
